 Forcast  121.240000   29.428101    17.830   57570.000000
2016070100         0.000000    478.2793    196.3367    221.3804      6.4411    -10.2159     11.5931    -18.6459     37.6105    -23.5400    227.2266   -251.0097   -139.5201    -38.3570     35.9099
201607010010       0.006944    498.9283    204.8838    230.9381      6.6401     -9.2472     11.9829    -16.8342     34.0737    -24.2828    236.5489   -262.3452   -145.5435    -39.2964     38.1154
201607010020       0.013889    517.4715    212.5593    239.5154      6.8130     -8.2215     12.3255    -14.9175     30.3296    -24.9337    244.8918   -272.5545   -150.9454    -40.1443     40.0834
201607010030       0.020833    533.7945    219.3156    247.0593      6.9579     -7.1454     12.6173    -12.9080     26.4009    -25.4857    252.2031   -281.5754   -155.6923    -40.8967     41.8000
201607010040       0.027778    547.7967    225.1112    253.5230      7.0732     -6.0258     12.8554    -10.8182     22.3117    -25.9329    258.4366   -289.3535   -159.7546    -41.5500     43.2528
201607010050       0.034722    559.3921    229.9104    258.8667      7.1577     -4.8698     13.0371     -8.6613     18.0874    -26.2703    263.5531   -295.8421   -163.1074    -42.1010     44.4316
2016070101         0.041667    568.5100    233.6843    263.0579      7.2101     -3.6850     13.1605     -6.4510     13.7540    -26.4938    267.5199   -301.0029   -165.7301    -42.5472     45.3280
201607010110       0.048611    575.0954    236.4102    266.0713      7.2297     -2.4789     13.2238     -4.2013      9.3384    -26.6002    270.3118   -304.8061   -167.6070    -42.8867     45.9356
201607010120       0.055556    579.1092    238.0724    267.8893      7.2161     -1.2593     13.2262     -1.9266      4.8682    -26.5874    271.9107   -307.2306   -168.7273    -43.1177     46.2504
201607010130       0.062500    580.5289    238.6620    268.5019      7.1690     -0.0343     13.1672      0.3586      0.3713    -26.4543    272.3061   -308.2645   -169.0849    -43.2396     46.2701
201607010140       0.069444    579.3484    238.1770    267.9068      7.0885      1.1885     13.0468      2.6398     -4.1243    -26.2008    271.4951   -307.9046   -168.6788    -43.2519     45.9948
201607010150       0.076389    575.5781    236.6223    266.1095      6.9750      2.4010     12.8656      4.9025     -8.5905    -25.8279    269.4821   -306.1566   -167.5129    -43.1548     45.4268
2016070102         0.083333    569.2448    234.0097    263.1233      6.8293      3.5955     12.6248      7.1322    -12.9994    -25.3377    266.2792   -303.0354   -165.5961    -42.9491     44.5703
201607010210       0.090278    560.3917    230.3578    258.9689      6.6522      4.7644     12.3261      9.3150    -17.3234    -24.7330    261.9060   -298.5644   -162.9418    -42.6361     43.4317
201607010220       0.097222    549.0777    225.6916    253.6744      6.4451      5.9002     11.9717     11.4369    -21.5356    -24.0180    256.3893   -292.7757   -159.5686    -42.2178     42.0192
201607010230       0.104167    535.3773    220.0427    247.2754      6.2094      6.9958     11.5642     13.4847    -25.6098    -23.1977    249.7631   -285.7099   -155.4991    -41.6966     40.3433
201607010240       0.111111    519.3798    213.4490    239.8140      5.9470      8.0442     11.1068     15.4456    -29.5208    -22.2779    242.0682   -277.4153   -150.7609    -41.0753     38.4160
201607010250       0.118056    501.1889    205.9540    231.3394      5.6599      9.0390     10.6033     17.3075    -33.2445    -21.2657    233.3521   -267.9481   -145.3852    -40.3575     36.2513
2016070103         0.125000    480.9217    197.6069    221.9065      5.3504      9.9741     10.0575     19.0588    -36.7580    -20.1686    223.6686   -257.3717   -139.4076    -39.5470     33.8647
201607010310       0.131944    458.7081    188.4622    211.5765      5.0209     10.8437      9.4741     20.6891    -40.0400    -18.9952    213.0773   -245.7561   -132.8670    -38.6481     31.2734
201607010320       0.138889    434.6896    178.5789    200.4158      4.6741     11.6427      8.8577     22.1884    -43.0705    -17.7547    201.6434   -233.1778   -125.8060    -37.6658     28.4958
201607010330       0.145833    409.0183    168.0206    188.4957      4.3127     12.3665      8.2135     23.5479    -45.8315    -16.4570    189.4370   -219.7188   -118.2699    -36.6050     25.5516
201607010340       0.152778    381.8563    156.8547    175.8920      3.9399     13.0109      7.5470     24.7599    -48.3068    -15.1126    176.5329   -205.4662   -110.3070    -35.4714     22.4616
201607010350       0.159722    353.3739    145.1521    162.6842      3.5586     13.5723      6.8637     25.8175    -50.4821    -13.7325    163.0099   -190.5116   -101.9680    -34.2706     19.2475
2016070104         0.166667    323.7487    132.9863    148.9551      3.1721     14.0478      6.1696     26.7149    -52.3451    -12.3282    148.9503   -174.9504    -93.3054    -33.0089     15.9319
201607010410       0.173611    293.1644    120.4336    134.7903      2.7836     14.4351      5.4706     27.4476    -53.8858    -10.9116    134.4394   -158.8809    -84.3735    -31.6925     12.5379
201607010420       0.180556    261.8096    107.5718    120.2775      2.3964     14.7324      4.7728     28.0122    -55.0963     -9.4946    119.5646   -142.4042    -75.2277    -30.3279      9.0890
201607010430       0.187500    229.8760     94.4801    105.5058      2.0139     14.9386      4.0824     28.4062    -55.9709     -8.0895    104.4153   -125.6227    -65.9244    -28.9217      5.6090
201607010440       0.194444    197.5577     81.2385     90.5650      1.6395     15.0533      3.4057     28.6287    -56.5063     -6.7088     89.0820   -108.6400    -56.5204    -27.4809      2.1217
201607010450       0.201389    165.0495     67.9269     75.5455      1.2763     15.0767      2.7486     28.6797    -56.7015     -5.3647     73.6556    -91.5601    -47.0726    -26.0121     -1.3490
2016070105         0.208333    132.5456     54.6252     60.5370      0.9278     15.0094      2.1174     28.5604    -56.5577     -4.0694     58.2271    -74.4861    -37.6374    -24.5223     -4.7795
201607010510       0.215278    100.2384     41.4122     45.6284      0.5970     14.8531      1.5179     28.2732    -56.0785     -2.8352     42.8865    -57.5204    -28.2707    -23.0182     -8.1468
201607010520       0.222222     68.3172     28.3651     30.9069      0.2870     14.6096      0.9560     27.8216    -55.2699     -1.6736     27.7228    -40.7634    -19.0272    -21.5067    -11.4284
201607010530       0.229167     36.9666     15.5595     16.4575      0.0009     14.2816      0.4371     27.2103    -54.1399     -0.5962     12.8228    -24.3128     -9.9604    -19.9944    -14.6024
201607010540       0.236111      6.3658      3.0682      2.3626     -0.2586     13.8721     -0.0334     26.4448    -52.6987      0.3862     -1.7289     -8.2635     -1.1215    -18.4878    -17.6480
201607010550       0.243056    -23.3129     -9.0388    -11.2989     -0.4889     13.3850     -0.4506     25.5319    -50.9586      1.2631    -15.8511      7.2938      7.4399    -16.9933    -20.5452
2016070106         0.250000    -51.9053    -20.6947    -24.4515     -0.6875     12.8243     -0.8096     24.4792    -48.9341      2.0246    -29.4659     22.2724     15.6770    -15.5170    -23.2753
201607010610       0.256944    -79.2561    -31.8369    -37.0244     -0.8520     12.1948     -1.1063     23.2952    -46.6414      2.6619    -42.4996     36.5909     23.5456    -14.0647    -25.8209
201607010620       0.263889   -105.2202    -42.4068    -48.9514     -0.9806     11.5014     -1.3368     21.9894    -44.0984      3.1664    -54.8832     50.1730     31.0045    -12.6420    -28.1659
201607010630       0.270833   -129.6632    -52.3503    -60.1712     -1.0713     10.7498     -1.4975     20.5719    -41.3249      3.5307    -66.5526     62.9485     38.0158    -11.2542    -30.2958
201607010640       0.277778   -152.4629    -61.6182    -70.6282     -1.1226      9.9456     -1.5854     19.0534    -38.3419      3.7482    -77.4492     74.8537     44.5452     -9.9062    -32.1974
201607010650       0.284722   -173.5092    -70.1667    -80.2728     -1.1332      9.0951     -1.5980     17.4456    -35.1721      3.8132    -87.5201     85.8313     50.5620     -8.6024    -33.8596
2016070107         0.291667   -192.7055    -77.9573    -89.0611     -1.1020      8.2046     -1.5332     15.7602    -31.8390      3.7212    -96.7187     95.8314     56.0394     -7.3471    -35.2727
201607010710       0.298611   -209.9690    -84.9571    -96.9560     -1.0284      7.2808     -1.3896     14.0098    -28.3675      3.4685   -105.0048    104.8112     60.9545     -6.1440    -36.4288
201607010720       0.305556   -225.2309    -91.1391   -103.9267     -0.9117      6.3305     -1.1661     12.2071    -24.7831      3.0525   -112.3448    112.7356     65.2886     -4.9964    -37.3219
201607010730       0.312500   -238.4371    -96.4822   -109.9493     -0.7519      5.3604     -0.8622     10.3652    -21.1120      2.4719   -118.7119    119.5772     69.0274     -3.9071    -37.9478
201607010740       0.319444   -249.5486   -100.9715   -115.0066     -0.5491      4.3778     -0.4781      8.4972    -17.3809      1.7263   -124.0864    125.3167     72.1606     -2.8784    -38.3043
201607010750       0.326389   -258.5412   -104.5980   -119.0883     -0.3035      3.3895     -0.0143      6.6164    -13.6169      0.8164   -128.4557    129.9424     74.6824     -1.9125    -38.3909
2016070108         0.333333   -265.4057   -107.3590   -122.1912     -0.0158      2.4026      0.5280      4.7362     -9.8469     -0.2557   -131.8143    133.4507     76.5911     -1.0106    -38.2090
201607010810       0.340278   -270.1482   -109.2576   -124.3187      0.3129      1.4239      1.1471      2.8697     -6.0980     -1.4869   -134.1637    135.8460     77.8896     -0.1739    -37.7618
201607010820       0.347222   -272.7895   -110.3032   -125.4812      0.6816      0.4604      1.8407      1.0298     -2.3969     -2.8732   -135.5127    137.1404     78.5846      0.5972    -37.0544
201607010830       0.354167   -273.3650   -110.5110   -125.6956      1.0886     -0.4814      2.6061     -0.7706      1.2303     -4.4092   -135.8768    137.3538     78.6874      1.3024    -36.0936
201607010840       0.361111   -271.9246   -109.9017   -124.9855      1.5322     -1.3950      3.4401     -2.5194      4.7580     -6.0886   -135.2785    136.5134     78.2129      1.9423    -34.8879
201607010850       0.368056   -268.5317   -108.5018   -123.3806      2.0105     -2.2741      4.3390     -4.2045      8.1614     -7.9040   -133.7468    134.6538     77.1800      2.5176    -33.4475
2016070109         0.375000   -263.2633   -106.3431   -120.9167      2.5212     -3.1130      5.2985     -5.8146     11.4170     -9.8470   -131.3171    131.8163     75.6116      3.0295    -31.7841
201607010910       0.381944   -256.2088   -103.4622   -117.6353      3.0619     -3.9059      6.3140     -7.3390     14.5023    -11.9083   -128.0309    128.0490     73.5338      3.4795    -29.9108
201607010920       0.388889   -247.4697    -99.9008   -113.5833      3.6298     -4.6476      7.3806     -8.7676     17.3960    -14.0779   -123.9354    123.4062     70.9761      3.8698    -27.8423
201607010930       0.395833   -237.1585    -95.7047   -108.8127      4.2222     -5.3334      8.4928    -10.0911     20.0786    -16.3445   -119.0831    117.9478     67.9712      4.2026    -25.5944
201607010940       0.402778   -225.3981    -90.9241   -103.3800      4.8359     -5.9588      9.6448    -11.3009     22.5320    -18.6966   -113.5315    111.7391     64.5545      4.4807    -23.1842
201607010950       0.409722   -212.3206    -85.6125    -97.3460      5.4678     -6.5197     10.8308    -12.3893     24.7401    -21.1216   -107.3426    104.8504     60.7641      4.7069    -20.6297
2016070110         0.416667   -198.0666    -79.8271    -90.7753      6.1146     -7.0129     12.0442    -13.3496     26.6884    -23.6066   -100.5825     97.3560     56.6403      4.8846    -17.9500
201607011010       0.423611   -182.7837    -73.6278    -83.7356      6.7728     -7.4352     13.2786    -14.1760     28.3646    -26.1380    -93.3208     89.3341     52.2255      5.0173    -15.1650
201607011020       0.430556   -166.6261    -67.0768    -76.2975      7.4388     -7.7843     14.5273    -14.8637     29.7583    -28.7018    -85.6302     80.8661     47.5637      5.1086    -12.2950
201607011030       0.437500   -149.7526    -60.2384    -68.5338      8.1091     -8.0582     15.7834    -15.4088     30.8613    -31.2837    -77.5855     72.0359     42.7004      5.1625     -9.3612
201607011040       0.444444   -132.3261    -53.1786    -60.5190      8.7799     -8.2554     17.0399    -15.8086     31.6677    -33.8692    -69.2640     62.9294     37.6818      5.1830     -6.3849
201607011050       0.451389   -114.5122    -45.9641    -52.3290      9.4476     -8.3753     18.2898    -16.0614     32.1736    -36.4435    -60.7439     53.6338     32.5553      5.1742     -3.3879
2016070111         0.458333    -96.4779    -38.6623    -44.0399     10.1085     -8.4175     19.5260    -16.1667     32.3776    -38.9919    -52.1043     44.2370     27.3683      5.1404     -0.3920
201607011110       0.465278    -78.3904    -31.3408    -35.7284     10.7588     -8.3823     20.7414    -16.1248     32.2805    -41.4998    -43.4245     34.8270     22.1684      5.0857      2.5812
201607011120       0.472222    -60.4159    -24.0665    -27.4702     11.3949     -8.2706     21.9292    -15.9373     31.8852    -43.9525    -34.7833     25.4913     17.0028      5.0144      5.5099
201607011130       0.479167    -42.7186    -16.9057    -19.3405     12.0133     -8.0837     23.0825    -15.6068     31.1971    -46.3357    -26.2586     16.3160     11.9183      4.9308      8.3730
201607011140       0.486111    -25.4590     -9.9232    -11.4125     12.6104     -7.8237     24.1946    -15.1369     30.2236    -48.6354    -17.9268      7.3856      6.9603      4.8389     11.1498
201607011150       0.493056     -8.7933     -3.1819     -3.7575     13.1827     -7.4929     25.2591    -14.5323     28.9743    -50.8380     -9.8618     -1.2181      2.1732      4.7427     13.8198
2016070112         0.500000      7.1281      3.2575      3.5556     13.7271     -7.0944     26.2697    -13.7986     27.4610    -52.9305     -2.1353     -9.4160     -2.4001      4.6462     16.3639
201607011210       0.506944     22.1618      9.3371     10.4615     14.2404     -6.6317     27.2204    -12.9424     25.6974    -54.9004      5.1846    -17.1328     -6.7190      4.5530     18.7633
201607011220       0.513889     36.1721     15.0021     16.8979     14.7196     -6.1086     28.1057    -11.9711     23.6990    -56.7360     12.0332    -24.2973    -10.7447      4.4665     21.0005
201607011230       0.520833     49.0320     20.2012     22.8070     15.1619     -5.5296     28.9202    -10.8932     21.4832    -58.4262     18.3503    -30.8431    -14.4413      4.3902     23.0589
201607011240       0.527778     60.6248     24.8871     28.1353     15.5647     -4.8994     29.6592     -9.7176     19.0691    -59.9610     24.0802    -36.7088    -17.7754      4.3268     24.9235
201607011250       0.534722     70.8440     29.0168     32.8339     15.9258     -4.2233     30.3182     -8.4543     16.4773    -61.3310     29.1723    -41.8387    -20.7166      4.2792     26.5801
2016070113         0.541667     79.5949     32.5518     36.8596     16.2429     -3.5067     30.8931     -7.1138     13.7295    -62.5280     33.5813    -46.1831    -23.2378      4.2497     28.0164
201607011310       0.548611     86.7949     35.4585     40.1744     16.5143     -2.7556     31.3804     -5.7072     10.8491    -63.5447     37.2680    -49.6988    -25.3153      4.2404     29.2213
201607011320       0.555556     92.3742     37.7085     42.7462     16.7382     -1.9759     31.7773     -4.2461      7.8602    -64.3751     40.1991    -52.3492    -26.9291      4.2529     30.1855
201607011330       0.562500     96.2767     39.2787     44.5491     16.9133     -1.1741     32.0811     -2.7425      4.7879    -65.0139     42.3476    -54.1050    -28.0628      4.2885     30.9013
201607011340       0.569444     98.4597     40.1516     45.5633     17.0386     -0.3567     32.2900     -1.2088      1.6578    -65.4574     43.6933    -54.9440    -28.7040      4.3482     31.3626
201607011350       0.576389     98.8952     40.3155     45.7758     17.1134      0.4697     32.4025      0.3423     -1.5037    -65.7029     44.2225    -54.8515    -28.8444      4.4325     31.5653
2016070114         0.583333     97.5693     39.7643     45.1798     17.1370      1.2983     32.4180      1.8980     -4.6701    -65.7488     43.9285    -53.8205    -28.4796      4.5416     31.5069
201607011410       0.590278     94.4829     38.4980     43.7755     17.1095      2.1224     32.3360      3.4453     -7.8147    -65.5949     42.8114    -51.8516    -27.6095      4.6753     31.1869
201607011420       0.597222     89.6517     36.5223     41.5697     17.0308      2.9350     32.1571      4.9714    -10.9109    -65.2421     40.8785    -48.9533    -26.2381      4.8327     30.6066
201607011430       0.604167     83.1059     33.8489     38.5757     16.9014      3.7294     31.8821      6.4634    -13.9324    -64.6926     38.1437    -45.1418    -24.3735      5.0129     29.7691
201607011440       0.611111     74.8901     30.4956     34.8137     16.7220      4.4990     31.5125      7.9087    -16.8534    -63.9497     34.6279    -40.4408    -22.0279      5.2144     28.6793
201607011450       0.618056     65.0634     26.4855     30.3103     16.4938      5.2373     31.0504      9.2950    -19.6486    -63.0180     30.3588    -34.8818    -19.2178      5.4354     27.3442
2016070115         0.625000     53.6987     21.8478     25.0984     16.2179      5.9378     30.4984     10.6104    -22.2937    -61.9031     25.3704    -28.5034    -15.9634      5.6735     25.7723
201607011510       0.631944     40.8821     16.6168     19.2172     15.8960      6.5945     29.8596     11.8432    -24.7655    -60.6119     19.7032    -21.3515    -12.2888      5.9263     23.9739
201607011520       0.638889     26.7128     10.8321     12.7116     15.5300      7.2015     29.1379     12.9826    -27.0418    -59.1522     13.4035    -13.4788     -8.2220      6.1907     21.9611
201607011530       0.645833     11.3022      4.5386      5.6324     15.1220      7.7534     28.3373     14.0182    -29.1018    -57.5329      6.5236     -4.9443     -3.7943      6.4636     19.7474
201607011540       0.652778     -5.2270     -2.2146     -1.9646     14.6744      8.2449     27.4626     14.9403    -30.9264    -55.7639     -0.8792      4.1865      0.9596      6.7414     17.3480
201607011550       0.659722    -22.7415     -9.3736    -10.0184     14.1898      8.6713     26.5187     15.7402    -32.4981    -53.8560     -8.7423     13.8427      6.0020      7.0201     14.7796
2016070116         0.666667    -41.0982    -16.8807    -18.4638     13.6711      9.0284     25.5114     16.4098    -33.8012    -51.8205    -16.9989     23.9482     11.2921      7.2958     12.0601
201607011610       0.673611    -60.1453    -24.6746    -27.2313     13.1215      9.3123     24.4463     16.9420    -34.8218    -49.6700    -25.5781     34.4221     16.7867      7.5642      9.2085
201607011620       0.680556    -79.7234    -32.6908    -36.2480     12.5440      9.5196     23.3299     17.3307    -35.5483    -47.4174    -34.4054     45.1794     22.4405      7.8208      6.2452
201607011630       0.687500    -99.6667    -40.8619    -45.4379     11.9421      9.6477     22.1687     17.5708    -35.9711    -45.0761    -43.4036     56.1316     28.2059      8.0610      3.1914
201607011640       0.694444   -119.8039    -49.1183    -54.7223     11.3194      9.6941     20.9694     17.6583    -36.0829    -42.6603    -52.4927     67.1873     34.0339      8.2801      0.0690
201607011650       0.701389   -139.9598    -57.3888    -64.0208     10.6796      9.6574     19.7390     17.5901    -35.8785    -40.1844    -61.5912     78.2528     39.8741      8.4732     -3.0991
2016070117         0.708333   -159.9561    -65.6007    -73.2514     10.0264      9.5365     18.4849     17.3646    -35.3553    -37.6630    -70.6163     89.2327     45.6752      8.6356     -6.2899
201607011710       0.715278   -179.6135    -73.6807    -82.3316      9.3636      9.3308     17.2142     16.9811    -34.5129    -35.1112    -79.4846    100.0307     51.3854      8.7623     -9.4797
201607011720       0.722222   -198.7520    -81.5552    -91.1783      8.6952      9.0407     15.9344     16.4401    -33.3533    -32.5437    -88.1127    110.5506     56.9528      8.8488    -12.6447
201607011730       0.729167   -217.1930    -89.1511    -99.7092      8.0250      8.6668     14.6528     15.7433    -31.8810    -29.9758    -96.4178    120.6964     62.3254      8.8902    -15.7611
201607011740       0.736111   -234.7605    -96.3960   -107.8429      7.3571      8.2108     13.3770     14.8936    -30.1026    -27.4222   -104.3185    130.3733     67.4522      8.8820    -18.8053
201607011750       0.743056   -251.2821   -103.2190   -115.4996      6.6951      7.6745     12.1141     13.8951    -28.0274    -24.8976   -111.7352    139.4886     72.2829      8.8198    -21.7540
2016070118         0.750000   -266.5908   -109.5513   -122.6020      6.0430      7.0608     10.8713     12.7530    -25.6667    -22.4165   -118.5910    147.9522     76.7687      8.6995    -24.5841
201607011810       0.756944   -280.5259   -115.3265   -129.0755      5.4045      6.3728      9.6557     11.4735    -23.0340    -19.9926   -124.8118    155.6773     80.8625      8.5171    -27.2736
201607011820       0.763889   -292.9344   -120.4812   -134.8491      4.7831      5.6145      8.4741     10.0641    -20.1451    -17.6395   -130.3275    162.5812     84.5194      8.2690    -29.8011
201607011830       0.770833   -303.6724   -124.9558   -139.8556      4.1825      4.7903      7.3330      8.5333    -17.0177    -15.3701   -135.0720    168.5858     87.6968      7.9518    -32.1461
201607011840       0.777778   -312.6060   -128.6943   -144.0327      3.6059      3.9052      6.2385      6.8904    -13.6714    -13.1964   -138.9842    173.6183     90.3551      7.5626    -34.2893
201607011850       0.784722   -319.6124   -131.6457   -147.3231      3.0564      2.9646      5.1967      5.1459    -10.1276    -11.1301   -142.0081    177.6119     92.4578      7.0988    -36.2128
2016070119         0.791667   -324.5812   -133.7636   -149.6748      2.5370      1.9745      4.2128      3.3109     -6.4093     -9.1815   -144.0937    180.5063     93.9720      6.5582    -37.9000
201607011910       0.798611   -327.4152   -135.0070   -151.0422      2.0505      0.9413      3.2920      1.3975     -2.5410     -7.3605   -145.1968    182.2481     94.8684      5.9390    -39.3360
201607011920       0.805556   -328.0310   -135.3407   -151.3861      1.5992     -0.1282      2.4388     -0.5817      1.4516     -5.6757   -145.2802    182.7913     95.1217      5.2401    -40.5074
201607011930       0.812500   -326.3602   -134.7354   -150.6739      1.1854     -1.2269      1.6573     -2.6132      5.5415     -4.1349   -144.3132    182.0981     94.7109      4.4607    -41.4028
201607011940       0.819444   -322.3498   -133.1682   -148.8804      0.8111     -2.3474      0.9510     -4.6832      9.7009     -2.7446   -142.2725    180.1386     93.6197      3.6004    -42.0127
201607011950       0.826389   -315.9629   -130.6228   -145.9875      0.4778     -3.4820      0.3229     -6.7774     13.9013     -1.5103   -139.1422    176.8919     91.8362      2.6595    -42.3294
2016070120         0.833333   -307.1789   -127.0897   -141.9849      0.1869     -4.6227     -0.2247     -8.8811     18.1135     -0.4364   -134.9140    172.3456     89.3533      1.6389    -42.3475
201607012010       0.840278   -295.9942   -122.5661   -136.8702     -0.0606     -5.7617     -0.6898    -10.9795     22.3080      0.4740   -129.5874    166.4966     86.1690      0.5398    -42.0637
201607012020       0.847222   -282.4221   -117.0567   -130.6487     -0.2640     -6.8908     -1.0714    -13.0577     26.4554      1.2188   -123.1698    159.3507     82.2862     -0.6359    -41.4767
201607012030       0.854167   -266.4931   -110.5728   -123.3338     -0.4230     -8.0019     -1.3687    -15.1005     30.5261      1.7974   -115.6762    150.9233     77.7127     -1.8858    -40.5876
201607012040       0.861111   -248.2547   -103.1331   -114.9468     -0.5374     -9.0869     -1.5819    -17.0931     34.4909      2.2101   -107.1298    141.2388     72.4616     -3.2070    -39.3996
201607012050       0.868056   -227.7712    -94.7631   -105.5167     -0.6076    -10.1378     -1.7115    -19.0209     38.3211      2.4585    -97.5612    130.3308     66.5509     -4.5959    -37.9184
2016070121         0.875000   -205.1237    -85.4955    -95.0807     -0.6343    -11.1468     -1.7587    -20.8693     41.9889      2.5455    -87.0087    118.2420     60.0034     -6.0487    -36.1514
201607012110       0.881944   -180.4095    -75.3695    -83.6831     -0.6182    -12.1064     -1.7255    -22.6245     45.4671      2.4750    -75.5181    105.0238     52.8469     -7.5608    -34.1086
201607012120       0.888889   -153.7413    -64.4311    -71.3759     -0.5608    -13.0092     -1.6143    -24.2730     48.7299      2.2521    -63.1422     90.7363     45.1138     -9.1272    -31.8018
201607012130       0.895833   -125.2471    -52.7324    -58.2179     -0.4636    -13.8481     -1.4279    -25.8021     51.7525      1.8828    -49.9407     75.4476     36.8412    -10.7426    -29.2452
201607012140       0.902778    -95.0690    -40.3317    -44.2748     -0.3284    -14.6166     -1.1699    -27.1996     54.5119      1.3744    -35.9796     59.2338     28.0701    -12.4011    -26.4545
201607012150       0.909722    -63.3625    -27.2928    -29.6185     -0.1574    -15.3086     -0.8444    -28.4544     56.9866      0.7349    -21.3312     42.1783     18.8459    -14.0964    -23.4475
2016070122         0.916667    -30.2956    -13.6848    -14.3267      0.0471    -15.9183     -0.4558    -29.5561     59.1569     -0.0267     -6.0731     24.3711      9.2175    -15.8220    -20.2436
201607012210       0.923611      3.9527      0.4186      1.5176      0.2823    -16.4406     -0.0090    -30.4954     61.0051     -0.9004      9.7119      5.9086     -0.7626    -17.5709    -16.8640
201607012220       0.930556     39.1929     14.9392     17.8265      0.5455    -16.8709      0.4905    -31.2641     62.5157     -1.8758     25.9363    -13.1072    -11.0389    -19.3359    -13.3311
201607012230       0.937500     75.2270     29.7950     34.5079      0.8336    -17.2053      1.0370    -31.8549     63.6752     -2.9416     42.5089    -32.5695    -21.5532    -21.1095     -9.6686
201607012240       0.944444    111.8492     44.9009     51.4662      1.1433    -17.4405      1.6246    -32.2621     64.4726     -4.0860     59.3351    -52.3672    -32.2451    -22.8840     -5.9014
201607012250       0.951389    148.8476     60.1691     68.6029      1.4713    -17.5739      2.2470    -32.4809     64.8993     -5.2966     76.3173    -72.3858    -43.0520    -24.6516     -2.0552
2016070123         0.958333    186.0057     75.5098     85.8171      1.8141    -17.6035      2.8976    -32.5080     64.9492     -6.5608     93.3562    -92.5083    -53.9100    -26.4044      1.8433
201607012310       0.965278    223.1037     90.8317    103.0064      2.1680    -17.5283      3.5698    -32.3413     64.6185     -7.8656    110.3510   -112.6155    -64.7543    -28.1344      5.7673
201607012320       0.972222    259.9202    106.0428    120.0677      2.5295    -17.3476      4.2569    -31.9802     63.9064     -9.1977    127.2001   -132.5877    -75.5193    -29.8336      9.6892
201607012330       0.979167    296.2334    121.0510    136.8976      2.8948    -17.0619      4.9518    -31.4252     62.8142    -10.5440    143.8019   -152.3046    -86.1395    -31.4940     13.5817
201607012340       0.986111    331.8232    135.7646    153.3934      3.2602    -16.6722      5.6480    -30.6784     61.3462    -11.8911    160.0557   -171.6468    -96.5497    -33.1077     17.4172
201607012350       0.993056    366.4722    150.0933    169.4539      3.6222    -16.1802      6.3384    -29.7432     59.5090    -13.2260    175.8620   -190.4964   -106.6855    -34.6670     21.1688
2016070200         1.000000    399.9678    163.9485    184.9796      3.9770    -15.5885      7.0165    -28.6242     57.3118    -14.5356    191.1236   -208.7380   -116.4839    -36.1644     24.8097
201607020010       1.006944    432.1030    177.2439    199.8743      4.3212    -14.9002      7.6758    -27.3276     54.7665    -15.8075    205.7457   -226.2591   -125.8836    -37.5926     28.3141
201607020020       1.013889    462.6784    189.8967    214.0447      4.6513    -14.1193      8.3099    -25.8604     51.8870    -17.0295    219.6374   -242.9515   -134.8255    -38.9445     31.6569
201607020030       1.020833    491.5036    201.8276    227.4022      4.9642    -13.2505      8.9128    -24.2313     48.6898    -18.1898    232.7116   -258.7118   -143.2533    -40.2135     34.8143
201607020040       1.027778    518.3984    212.9613    239.8627      5.2568    -12.2988      9.4788    -22.4498     45.1934    -19.2774    244.8859   -273.4418   -151.1135    -41.3932     37.7636
201607020050       1.034722    543.1938    223.2278    251.3475      5.5261    -11.2702     10.0025    -20.5267     41.4186    -20.2819    256.0833   -287.0499   -158.3562    -42.4777     40.4836
2016070201         1.041667    565.7340    232.5620    261.7838      5.7694    -10.1710     10.4789    -18.4738     37.3879    -21.1937    266.2325   -299.4513   -164.9354    -43.4617     42.9548
201607020110       1.048611    585.8767    240.9050    271.1056      5.9845     -9.0082     10.9036    -16.3037     33.1258    -22.0040    275.2685   -310.5687   -170.8091    -44.3402     45.1595
201607020120       1.055556    603.4946    248.2037    279.2537      6.1690     -7.7890     11.2724    -14.0300     28.6583    -22.7050    283.1331   -320.3329   -175.9397    -45.1086     47.0818
201607020130       1.062500    618.4761    254.4120    286.1761      6.3212     -6.5212     11.5819    -11.6668     24.0127    -23.2897    289.7755   -328.6832   -180.2946    -45.7633     48.7078
201607020140       1.069444    630.7263    259.4904    291.8290      6.4395     -5.2130     11.8290     -9.2292     19.2178    -23.7523    295.1522   -335.5679   -183.8460    -46.3007     50.0258
201607020150       1.076389    640.1673    263.4069    296.1762      6.5225     -3.8727     12.0113     -6.7325     14.3034    -24.0880    299.2276   -340.9449   -186.5712    -46.7184     51.0265
2016070202         1.083333    646.7393    266.1368    299.1904      6.5693     -2.5089     12.1270     -4.1927      9.2999    -24.2930    301.9743   -344.7815   -188.4529    -47.0141     51.7026
201607020210       1.090278    650.4006    267.6631    300.8524      6.5794     -1.1304     12.1748     -1.6258      4.2387    -24.3650    303.3733   -347.0551   -189.4794    -47.1865     52.0492
201607020220       1.097222    651.1279    267.9766    301.1519      6.5524      0.2538     12.1541      0.9517     -0.8486    -24.3024    303.4139   -347.7531   -189.6444    -47.2346     52.0641
201607020230       1.104167    648.9169    267.0758    300.0873      6.4883      1.6349     12.0648      3.5235     -5.9303    -24.1051    302.0940   -346.8730   -188.9471    -47.1584     51.7471
201607020240       1.111111    643.7816    264.9671    297.6658      6.3875      3.0041     11.9075      6.0731    -10.9744    -23.7741    299.4202   -344.4225   -187.3925    -46.9582     51.1005
201607020250       1.118056    635.7550    261.6645    293.9031      6.2508      4.3524     11.6835      8.5844    -15.9494    -23.3115    295.4075   -340.4193   -184.9909    -46.6353     50.1293
2016070203         1.125000    624.8881    257.1899    288.8237      6.0791      5.6714     11.3944     11.0414    -20.8243    -22.7205    290.0792   -334.8910   -181.7582    -46.1913     48.8403
201607020310       1.131944    611.2502    251.5724    282.4605      5.8738      6.9525     11.0428     13.4285    -25.5685    -22.0057    283.4671   -327.8752   -177.7156    -45.6286     47.2429
201607020320       1.138889    594.9279    244.8486    274.8543      5.6366      8.1878     10.6314     15.7308    -30.1526    -21.1727    275.6110   -319.4187   -172.8894    -44.9502     45.3487
201607020330       1.145833    576.0246    237.0620    266.0540      5.3694      9.3694     10.1639     17.9337    -34.5481    -20.2279    266.5583   -309.5773   -167.3110    -44.1596     43.1714
201607020340       1.152778    554.6600    228.2626    256.1157      5.0745     10.4900      9.6442     20.0237    -38.7279    -19.1790    256.3641   -298.4156   -161.0163    -43.2609     40.7264
201607020350       1.159722    530.9688    218.5069    245.1028      4.7542     11.5427      9.0767     21.9878    -42.6663    -18.0347    245.0904   -286.0064   -154.0459    -42.2587     38.0314
2016070204         1.166667    505.1001    207.8571    233.0852      4.4114     12.5210      8.4664     23.8141    -46.3394    -16.8044    232.8059   -272.4301   -146.4443    -41.1583     35.1056
201607020410       1.173611    477.2163    196.3810    220.1389      4.0489     13.4191      7.8187     25.4914    -49.7249    -15.4985    219.5853   -257.7741   -138.2601    -39.9651     31.9697
201607020420       1.180556    447.4916    184.1512    206.3455      3.6699     14.2318      7.1392     27.0100    -52.8026    -14.1279    205.5091   -242.1323   -129.5451    -38.6853     28.6460
201607020430       1.187500    416.1113    171.2446    191.7913      3.2776     14.9542      6.4340     28.3609    -55.5545    -12.7045    190.6629   -225.6042   -120.3543    -37.3252     25.1581
201607020440       1.194444    383.2699    157.7421    176.5673      2.8756     15.5826      5.7093     29.5365    -57.9647    -11.2406    175.1367   -208.2946   -110.7454    -35.8917     21.5303
201607020450       1.201389    349.1703    143.7277    160.7678      2.4673     16.1133      4.9717     30.5305    -60.0197     -9.7489    159.0245   -190.3122   -100.7785    -34.3917     17.7883
2016070205         1.208333    314.0219    129.2883    144.4905      2.0565     16.5440      4.2278     31.3376    -61.7085     -8.2427    142.4232   -171.7694    -90.5151    -32.8326     13.9581
201607020510       1.215278    278.0394    114.5126    127.8352      1.6467     16.8725      3.4846     31.9540    -63.0225     -6.7355    125.4326   -152.7813    -80.0187    -31.2220     10.0663
201607020520       1.222222    241.4414     99.4908    110.9033      1.2417     17.0977      2.7488     32.3773    -63.9558     -5.2408    108.1543   -133.4647    -69.3532    -29.5674      6.1399
201607020530       1.229167    204.4485     84.3139     93.7971      0.8452     17.2190      2.0274     32.6063    -64.5049     -3.7727     90.6909   -113.9378    -58.5834    -27.8768      2.2059
201607020540       1.236111    167.2821     69.0731     76.6193      0.4610     17.2367      1.3273     32.6412    -64.6690     -2.3446     73.1456    -94.3187    -47.7740    -26.1581     -1.7086
201607020550       1.243056    130.1627     53.8589     59.4720      0.0926     17.1517      0.6552     32.4834    -64.4502     -0.9705     55.6213    -74.7251    -36.9892    -24.4190     -5.5772
2016070206         1.250000     93.3087     38.7611     42.4559     -0.2564     16.9657      0.0178     32.1357    -63.8528      0.3365     38.2201    -55.2732    -26.2926    -22.6674     -9.3734
201607020610       1.256944     56.9345     23.8675     25.6702     -0.5825     16.6808     -0.5785     31.6022    -62.8839      1.5631     21.0423    -36.0772    -15.7464    -20.9111    -13.0719
201607020620       1.263889     21.2493      9.2636      9.2113     -0.8825     16.3002     -1.1275     30.8884    -61.5530      2.6967      4.1860    -17.2482     -5.4110    -19.1577    -16.6479
201607020630       1.270833    -13.5443     -4.9677     -6.8277     -1.1531     15.8275     -1.6232     30.0006    -59.8721      3.7252    -12.2537      1.1063      4.6550    -17.4148    -20.0777
201607020640       1.277778    -47.2518    -18.7473    -22.3571     -1.3915     15.2667     -2.0601     28.9467    -57.8555      4.6371    -28.1852     18.8832     14.3956    -15.6894    -23.3387
201607020650       1.284722    -79.6878    -31.9996    -37.2919     -1.5949     14.6228     -2.4330     27.7353    -55.5199      5.4215    -43.5212     35.9846     23.7578    -13.9886    -26.4098
2016070207         1.291667   -110.6775    -44.6538    -51.5521     -1.7608     13.9011     -2.7370     26.3763    -52.8839      6.0685    -58.1792     52.3181     32.6914    -12.3190    -29.2713
201607020710       1.298611   -140.0578    -56.6436    -65.0629     -1.8869     13.1073     -2.9679     24.8804    -49.9682      6.5688    -72.0819     67.7978     41.1501    -10.6870    -31.9049
201607020720       1.305556   -167.6781    -67.9083    -77.7556     -1.9711     12.2478     -3.1218     23.2592    -46.7953      6.9143    -85.1578     82.3444     49.0911     -9.0985    -34.2942
201607020730       1.312500   -193.4013    -78.3927    -89.5678     -2.0119     11.3291     -3.1954     21.5251    -43.3894      7.0979    -97.3419     95.8861     56.4756     -7.5591    -36.4246
201607020740       1.319444   -217.1051    -88.0475   -100.4438     -2.0077     10.3584     -3.1858     19.6911    -39.7762      7.1134   -108.5757    108.3588     63.2693     -6.0738    -38.2833
201607020750       1.326389   -238.6820    -96.8297   -110.3350     -1.9574      9.3429     -3.0909     17.7711    -35.9826      6.9558   -118.8077    119.7067     69.4421     -4.6474    -39.8596
2016070208         1.333333   -258.0405   -104.7029   -119.1999     -1.8602      8.2901     -2.9090     15.7789    -32.0367      6.6214   -127.9938    129.8820     74.9687     -3.2840    -41.1448
201607020810       1.340278   -275.1053   -111.6374   -127.0050     -1.7157      7.2079     -2.6391     13.7293    -27.9676      6.1076   -136.0977    138.8461     79.8284     -1.9872    -42.1321
201607020820       1.347222   -289.8180   -117.6102   -133.7240     -1.5235      6.1040     -2.2808     11.6371    -23.8049      5.4129   -143.0906    146.5690     84.0055     -0.7602    -42.8171
201607020830       1.354167   -302.1370   -122.6053   -139.3388     -1.2839      4.9866     -1.8342      9.5172    -19.5788      4.5373   -148.9519    153.0298     87.4891      0.3943    -43.1974
201607020840       1.361111   -312.0379   -126.6136   -143.8390     -0.9974      3.8635     -1.3001      7.3848    -15.3198      3.4820   -153.6690    158.2167     90.2732      1.4743    -43.2728
201607020850       1.368056   -319.5136   -129.6333   -147.2222     -0.6648      2.7427     -0.6799      5.2548    -11.0584      2.2494   -157.2373    162.1270     92.3569      2.4782    -43.0450
2016070209         1.375000   -324.5738   -131.6691   -149.4937     -0.2871      1.6321      0.0243      3.1423     -6.8249      0.8432   -159.6604    164.7670     93.7441      3.4050    -42.5182
201607020910       1.381944   -327.2455   -132.7329   -150.6666      0.1341      0.5394      0.8100      1.0618     -2.6494     -0.7318   -160.9498    166.1519     94.4433      4.2541    -41.6984
201607020920       1.388889   -327.5718   -132.8430   -150.7617      0.5972     -0.5279      1.6739     -0.9722      1.4389     -2.4693   -161.1250    166.3056     94.4682      5.0257    -40.5935
201607020930       1.395833   -325.6124   -132.0245   -149.8068      1.1002     -1.5624      2.6124     -2.9459      5.4113     -4.3620   -160.2128    165.2607     93.8366      5.7202    -39.2136
201607020940       1.402778   -321.4423   -130.3084   -147.8373      1.6406     -2.5571      3.6210     -4.8459      9.2403     -6.4014   -158.2479    163.0575     92.5709      6.3387    -37.5705
201607020950       1.409722   -315.1515   -127.7321   -144.8951      2.2160     -3.5054      4.6952     -6.6595     12.8995     -8.5780   -155.2717    159.7447     90.6978      6.8827    -35.6779
2016070210         1.416667   -306.8442   -124.3385   -141.0285      2.8236     -4.4011      5.8295     -8.3747     16.3639    -10.8813   -151.3326    155.3780     88.2478      7.3541    -33.5511
201607021010       1.423611   -296.6380   -120.1758   -136.2920      3.4602     -5.2381      7.0183     -9.9801     19.6100    -13.2995   -146.4854    150.0202     85.2553      7.7555    -31.2068
201607021020       1.430556   -284.6629   -115.2971   -130.7457      4.1226     -6.0112      8.2553    -11.4654     22.6162    -15.8204   -140.7908    143.7406     81.7580      8.0894    -28.6635
201607021030       1.437500   -271.0602   -109.7603   -124.4548      4.8074     -6.7154      9.5342    -12.8211     25.3627    -18.4305   -134.3148    136.6144     77.7971      8.3592    -25.9406
201607021040       1.444444   -255.9816   -103.6273   -117.4892      5.5109     -7.3464     10.8481    -14.0389     27.8317    -21.1160   -127.1287    128.7222     73.4162      8.5684    -23.0590
201607021050       1.451389   -239.5879    -96.9633   -109.9229      6.2294     -7.9004     12.1898    -15.1112     30.0074    -23.8622   -119.3078    120.1492     68.6618      8.7207    -20.0405
2016070211         1.458333   -222.0478    -89.8371   -101.8334      6.9589     -8.3740     13.5520    -16.0319     31.8765    -26.6539   -110.9317    110.9847     63.5825      8.8203    -16.9076
201607021110       1.465278   -203.5366    -82.3199    -93.3014      7.6955     -8.7647     14.9272    -16.7957     33.4280    -29.4756   -102.0829    101.3216     58.2284      8.8716    -13.6838
201607021120       1.472222   -184.2350    -74.4850    -84.4096      8.4350     -9.0703     16.3076    -17.3986     34.6531    -32.3112    -92.8466     91.2552     52.6516      8.8789    -10.3930
201607021130       1.479167   -164.3276    -66.4072    -75.2429      9.1734     -9.2896     17.6853    -17.8378     35.5458    -35.1445    -83.3100     80.8831     46.9048      8.8471     -7.0595
201607021140       1.486111   -144.0019    -58.1624    -65.8870      9.9065     -9.4218     19.0527    -18.1117     36.1022    -37.9594    -73.5615     70.3042     41.0417      8.7809     -3.7079
201607021150       1.493056   -123.4462    -49.8270    -56.4283     10.6302     -9.4666     20.4017    -18.2200     36.3215    -40.7393    -63.6904     59.6176     35.1160      8.6851     -0.3628
2016070212         1.500000   -102.8489    -41.4770    -46.9531     11.3403     -9.4247     21.7247    -18.1634     36.2049    -43.4681    -53.7858     48.9228     29.1816      8.5647      2.9514
201607021210       1.506944    -82.3968    -33.1881    -37.5468     12.0329     -9.2971     23.0139    -17.9441     35.7564    -46.1298    -43.9362     38.3180     23.2917      8.4246      6.2104
201607021220       1.513889    -62.2739    -25.0347    -28.2937     12.7038     -9.0856     24.2617    -17.5652     34.9826    -48.7085    -34.2287     27.9000     17.4988      8.2695      9.3905
201607021230       1.520833    -42.6597    -17.0892    -19.2757     13.3494     -8.7926     25.4609    -17.0312     33.8923    -51.1889    -24.7486     17.7632     11.8540      8.1041     12.4684
201607021240       1.527778    -23.7282     -9.4222    -10.5727     13.9657     -8.4210     26.6044    -16.3476     32.4967    -53.5562    -15.5784      7.9991      6.4070      7.9332     15.4217
201607021250       1.534722     -5.6467     -2.1011     -2.2611     14.5493     -7.9743     27.6853    -15.5211     30.8096    -55.7963     -6.7976     -1.3045      1.2053      7.7611     18.2289
2016070213         1.541667     11.4258      4.8098      5.5865     15.0968     -7.4567     28.6972    -14.5593     28.8467    -57.8955      1.5183    -10.0639     -3.7058      7.5921     20.8695
201607021310       1.548611     27.3393     11.2499     12.9014     15.6048     -6.8726     29.6341    -13.4709     26.6259    -59.8413      9.2980    -18.2007     -8.2835      7.4301     23.3241
201607021320       1.555556     41.9545     17.1628     19.6198     16.0706     -6.2272     30.4902    -12.2655     24.1669    -61.6218     16.4752    -25.6417    -12.4881      7.2788     25.5749
201607021330       1.562500     55.1432     22.4966     25.6831     16.4912     -5.5260     31.2604    -10.9535     21.4915    -63.2261     22.9888    -32.3195    -16.2831      7.1416     27.6053
201607021340       1.569444     66.7895     27.2045     31.0382     16.8642     -4.7749     31.9400     -9.5462     18.6228    -64.6445     28.7836    -38.1737    -19.6354      7.0216     29.4004
201607021350       1.576389     76.7910     31.2448     35.6382     17.1873     -3.9802     32.5249     -8.0556     15.5855    -65.8683     33.8108    -43.1504    -22.5157      6.9215     30.9468
2016070214         1.583333     85.0588     34.5816     39.4425     17.4588     -3.1486     33.0113     -6.4942     12.4058    -66.8900     38.0280    -47.2034    -24.8986      6.8435     32.2329
201607021410       1.590278     91.5190     37.1849     42.4169     17.6768     -2.2869     33.3963     -4.8751      9.1107    -67.7032     41.3998    -50.2939    -26.7630      6.7897     33.2490
201607021420       1.597222     96.1128     39.0305     44.5346     17.8402     -1.4023     33.6774     -3.2120      5.7283    -68.3029     43.8979    -52.3913    -28.0918      6.7615     33.9874
201607021430       1.604167     98.7968     40.1008     45.7754     17.9479     -0.5021     33.8529     -1.5186      2.2872    -68.6854     45.5015    -53.4732    -28.8725      6.7600     34.4422
201607021440       1.611111     99.5440     40.3846     46.1268     17.9991      0.4063     33.9214      0.1909     -1.1834    -68.8483     46.1973    -53.5256    -29.0971      6.7858     34.6095
201607021450       1.618056     98.3432     39.8770     45.5836     17.9937      1.3152     33.8824      1.9021     -4.6539    -68.7906     45.9797    -52.5430    -28.7623      6.8390     34.4875
2016070215         1.625000     95.1998     38.5799     44.1478     17.9316      2.2172     33.7360      3.6007     -8.0949    -68.5124     44.8509    -50.5286    -27.8692      6.9194     34.0765
201607021510       1.631944     90.1355     36.5018     41.8292     17.8130      3.1047     33.4830      5.2725    -11.4770    -68.0155     42.8207    -47.4942    -26.4237      7.0263     33.3789
201607021520       1.638889     83.1881     33.6576     38.6449     17.6388      3.9702     33.1247      6.9034    -14.7713    -67.3028     39.9065    -43.4602    -24.4363      7.1585     32.3989
201607021530       1.645833     74.4116     30.0688     34.6193     17.4099      4.8065     32.6630      8.4794    -17.9494    -66.3786     36.1335    -38.4553    -21.9220      7.3143     31.1431
201607021540       1.652778     63.8755     25.7631     29.7838     17.1275      5.6063     32.1007      9.9871    -20.9837    -65.2486     31.5341    -32.5167    -18.9003      7.4918     29.6198
201607021550       1.659722     51.6644     20.7744     24.1770     16.7934      6.3628     31.4409     11.4134    -23.8478    -63.9195     26.1478    -25.6895    -15.3950      7.6884     27.8394
2016070216         1.666667     37.8777     15.1428     17.8441     16.4095      7.0694     30.6875     12.7459    -26.5164    -62.3995     20.0210    -18.0265    -11.4342      7.9014     25.8142
201607021610       1.673611     22.6285      8.9136     10.8367     15.9781      7.7197     29.8448     13.9727    -28.9654    -60.6978     13.2067     -9.5879     -7.0499      8.1275     23.5583
201607021620       1.680556      6.0433      2.1377      3.2124     15.5017      8.3080     28.9177     15.0827    -31.1726    -58.8247      5.7641     -0.4411     -2.2778      8.3631     21.0874
201607021630       1.687500    -11.7394     -5.1288     -4.9655     14.9831      8.8286     27.9117     16.0657    -33.1174    -56.7915     -2.2420      9.3404      2.8427      8.6043     18.4190
201607021640       1.694444    -30.5697    -12.8256    -13.6285     14.4253      9.2767     26.8327     16.9123    -34.7812    -54.6106    -10.7416     19.6766      8.2690      8.8470     15.5720
201607021650       1.701389    -50.2874    -20.8878    -22.7033     13.8316      9.6476     25.6869     17.6140    -36.1473    -52.2952    -19.6596     30.4825     13.9555      9.0867     12.5668
2016070217         1.708333    -70.7235    -29.2470    -32.1126     13.2056      9.9374     24.4812     18.1635    -37.2014    -49.8591    -28.9171     41.6678     19.8539      9.3188      9.4249
201607021710       1.715278    -91.7009    -37.8314    -41.7752     12.5509     10.1428     23.2224     18.5545    -37.9313    -47.3170    -38.4314     53.1382     25.9136      9.5383      6.1690
201607021720       1.722222   -113.0360    -46.5665    -51.6070     11.8714     10.2610     21.9182     18.7819    -38.3274    -44.6842    -48.1166     64.7959     32.0821      9.7403      2.8229
201607021730       1.729167   -134.5400    -55.3754    -61.5212     11.1710     10.2897     20.5759     18.8418    -38.3823    -41.9763    -57.8848     76.5402     38.3052      9.9197     -0.5890
201607021740       1.736111   -156.0201    -64.1799    -71.4294     10.4539     10.2275     19.2036     18.7314    -38.0915    -39.2095    -67.6459     88.2681     44.5276     10.0713     -4.0417
201607021750       1.743056   -177.2813    -72.9003    -81.2418      9.7243     10.0736     17.8091     18.4493    -37.4528    -36.4001    -77.3093     99.8753     50.6930     10.1899     -7.5095
2016070218         1.750000   -198.1274    -81.4567    -90.8682      8.9864      9.8277     16.4006     17.9953    -36.4668    -33.5647    -86.7835    111.2571     56.7450     10.2704    -10.9666
201607021810       1.756944   -218.3627    -89.7690   -100.2184      8.2444      9.4904     14.9862     17.3706    -35.1365    -30.7197    -95.9777    122.3086     62.6270     10.3076    -14.3870
201607021820       1.763889   -237.7936    -97.7579   -109.2031      7.5028      9.0629     13.5740     16.5775    -33.4678    -27.8818   -104.8017    132.9261     68.2829     10.2965    -17.7450
201607021830       1.770833   -256.2297   -105.3455   -117.7344      6.7658      8.5470     12.1721     15.6197    -31.4689    -25.0671   -113.1675    143.0075     73.6576     10.2324    -21.0147
201607021840       1.777778   -273.4855   -112.4556   -125.7267      6.0375      7.9453     10.7885     14.5022    -29.1507    -22.2918   -120.9890    152.4531     78.6970     10.1105    -24.1712
201607021850       1.784722   -289.3819   -119.0144   -133.0970      5.3221      7.2609      9.4310     13.2311    -26.5265    -19.5716   -128.1833    161.1667     83.3490      9.9265    -27.1898
2016070219         1.791667   -303.7474   -124.9513   -139.7658      4.6237      6.4978      8.1071     11.8138    -23.6121    -16.9215   -134.6713    169.0560     87.5634      9.6762    -30.0469
201607021910       1.798611   -316.4196   -130.1992   -145.6578      3.9461      5.6604      6.8241     10.2588    -20.4254    -14.3561   -140.3781    176.0332     91.2926      9.3559    -32.7197
201607021920       1.805556   -327.2462   -134.6950   -150.7022      3.2931      4.7538      5.5891      8.5758    -16.9866    -11.8893   -145.2336    182.0162     94.4918      8.9622    -35.1867
201607021930       1.812500   -336.0868   -138.3805   -154.8337      2.6681      3.7836      4.4086      6.7754    -13.3177     -9.5340   -149.1734    186.9290     97.1197      8.4919    -37.4275
201607021940       1.819444   -342.8133   -141.2023   -157.9924      2.0746      2.7560      3.2888      4.8693     -9.4428     -7.3026   -152.1387    190.7021     99.1383      7.9424    -39.4235
201607021950       1.826389   -347.3118   -143.1128   -160.1251      1.5156      1.6776      2.2355      2.8700     -5.3877     -5.2062   -154.0776    193.2734    100.5135      7.3117    -41.1575
2016070220         1.833333   -349.4828   -144.0703   -161.1852      0.9940      0.5556      1.2540      0.7909     -1.1795     -3.2551   -154.9450    194.5887    101.2158      6.5981    -42.6141
201607022010       1.840278   -349.2427   -144.0394   -161.1332      0.5122     -0.6026      0.3489     -1.3540      3.1531     -1.4582   -154.7028    194.6021    101.2197      5.8003    -43.7800
201607022020       1.847222   -346.5241   -142.9915   -159.9371      0.0727     -1.7892     -0.4756     -3.5499      7.5805      0.1764   -153.3210    193.2764    100.5047      4.9179    -44.6436
201607022030       1.854167   -341.2767   -140.9048   -157.5730     -0.3228     -2.9960     -1.2159     -5.7817     12.0720      1.6420   -150.7773    190.5835     99.0551      3.9506    -45.1955
201607022040       1.861111   -333.4680   -137.7648   -154.0250     -0.6725     -4.2145     -1.8691     -8.0336     16.5963      2.9331   -147.0576    186.5048     96.8605      2.8991    -45.4287
201607022050       1.868056   -323.0832   -133.5645   -149.2854     -0.9752     -5.4364     -2.4327    -10.2899     21.1215      4.0455   -142.1562    181.0314     93.9155      1.7644    -45.3382
2016070221         1.875000   -310.1262   -128.3043   -143.3551     -1.2298     -6.6528     -2.9052    -12.5343     25.6156      4.9763   -136.0760    174.1640     90.2202      0.5482    -44.9216
201607022110       1.881944   -294.6190   -121.9923   -136.2436     -1.4359     -7.8552     -3.2856    -14.7506     30.0464      5.7239   -128.8280    165.9135     85.7800     -0.7474    -44.1784
201607022120       1.888889   -276.6022   -114.6441   -127.9688     -1.5932     -9.0346     -3.5735    -16.9228     34.3820      6.2880   -120.4323    156.3007     80.6057     -2.1194    -43.1111
201607022130       1.895833   -256.1350   -106.2830   -118.5575     -1.7018    -10.1826     -3.7691    -19.0347     38.5910      6.6697   -110.9171    145.3562     74.7136     -3.5646    -41.7240
201607022140       1.902778   -233.2943    -96.9400   -108.0445     -1.7621    -11.2906     -3.8736    -21.0708     42.6425      6.8712   -100.3189    133.1207     68.1254     -5.0790    -40.0242
201607022150       1.909722   -208.1752    -86.6531    -96.4732     -1.7751    -12.3503     -3.8885    -23.0156     46.5067      6.8963    -88.6825    119.6441     60.8680     -6.6580    -38.0208
2016070222         1.916667   -180.8897    -75.4677    -83.8948     -1.7417    -13.3536     -3.8161    -24.8543     50.1545      6.7497    -76.0605    104.9860     52.9732     -8.2968    -35.7255
201607022210       1.923611   -151.5666    -63.4363    -70.3686     -1.6637    -14.2929     -3.6592    -26.5729     53.5586      6.4375    -62.5131     89.2148     44.4781     -9.9896    -33.1520
201607022220       1.930556   -120.3504    -50.6177    -55.9609     -1.5427    -15.1607     -3.4215    -28.1577     56.6929      5.9669    -48.1077     72.4077     35.4242    -11.7306    -30.3162
201607022230       1.937500    -87.4006    -37.0772    -40.7453     -1.3809    -15.9503     -3.1068    -29.5963     59.5332      5.3462    -32.9185     54.6500     25.8578    -13.5133    -27.2359
201607022240       1.944444    -52.8905    -22.8857    -24.8018     -1.1808    -16.6552     -2.7199    -30.8769     62.0569      4.5847    -17.0258     36.0346     15.8291    -15.3309    -23.9312
201607022250       1.951389    -17.0063     -8.1199     -8.2166     -0.9451    -17.2695     -2.2659    -31.9888     64.2438      3.6926     -0.5161     16.6613      5.3922    -17.1761    -20.4234
2016070223         1.958333     20.0541      7.1390      8.9189     -0.6766    -17.7879     -1.7502    -32.9226     66.0757      2.6811     16.5192     -3.3636     -5.3950    -19.0414    -16.7360
201607022310       1.965278     58.0827     22.8052     26.5082     -0.3786    -18.2060     -1.1788    -33.6698     67.5368      1.5620     33.9840    -23.9280    -16.4719    -20.9190    -12.8936
201607022320       1.972222     96.8625     38.7891     44.4507     -0.0544    -18.5197     -0.5581    -34.2234     68.6137      0.3480     51.7782    -44.9152    -27.7748    -22.8007     -8.9221
201607022330       1.979167    136.1692     54.9982     62.6423      0.2923    -18.7258      0.1052    -34.5775     69.2958     -0.9479     69.7984    -66.2040    -39.2380    -24.6783     -4.8486
201607022340       1.986111    175.7724     71.3371     80.9760      0.6580    -18.8217      0.8042    -34.7277     69.5748     -2.3119     87.9386    -87.6703    -50.7938    -26.5434     -0.7012
201607022350       1.993056    215.4375     87.7087     99.3427      1.0387    -18.8059      1.5319    -34.6710     69.4455     -3.7302    106.0909   -109.1872    -62.3732    -28.3875      3.4915
2016070300         2.000000    254.9273    104.0146    117.6321      1.4305    -18.6773      2.2809    -34.4058     68.9052     -5.1883    124.1464   -130.6265    -73.9063    -30.2020      7.7003
201607030010       2.006944    294.0033    120.1560    135.7332      1.8296    -18.4357      3.0438    -33.9320     67.9541     -6.6718    141.9956   -151.8591    -85.3228    -31.9785     11.8958
201607030020       2.013889    332.4279    136.0343    153.5355      2.2319    -18.0818      3.8132    -33.2508     66.5952     -8.1664    159.5295   -172.7563    -96.5527    -33.7084     16.0486
201607030030       2.020833    369.9656    151.5516    170.9291      2.6333    -17.6171      4.5817    -32.3652     64.8344     -9.6575    176.6402   -193.1906   -107.5262    -35.3835     20.1292
201607030040       2.027778    406.3850    166.6117    187.8064      3.0301    -17.0437      5.3420    -31.2792     62.6801    -11.1309    193.2218   -213.0363   -118.1751    -36.9955     24.1088
201607030050       2.034722    441.4601    181.1207    204.0619      3.4184    -16.3647      6.0870    -29.9986     60.1436    -12.5727    209.1709   -232.1709   -128.4325    -38.5366     27.9592
2016070301         2.041667    474.9722    194.9876    219.5937      3.7943    -15.5839      6.8095    -28.5304     57.2390    -13.9693    224.3875   -250.4758   -138.2337    -39.9991     31.6528
201607030110       2.048611    506.7114    208.1251    234.3040      4.1542    -14.7056      7.5030    -26.8829     53.9825    -15.3077    238.7755   -267.8367   -147.5165    -41.3757     35.1633
201607030120       2.055556    536.4779    220.4500    248.0997      4.4948    -13.7353      8.1609    -25.0659     50.3931    -16.5754    252.2439   -284.1453   -156.2219    -42.6595     38.4656
201607030130       2.062500    564.0838    231.8840    260.8930      4.8127    -12.6786      8.7772    -23.0902     46.4921    -17.7607    264.7066   -299.2992   -164.2942    -43.8441     41.5358
201607030140       2.069444    589.3540    242.3543    272.6024      5.1048    -11.5421      9.3462    -20.9677     42.3028    -18.8525    276.0839   -313.2034   -171.6816    -44.9232     44.3519
201607030150       2.076389    612.1278    251.7939    283.1529      5.3685    -10.3328      9.8628    -18.7116     37.8506    -19.8409    286.3024   -325.7702   -178.3365    -45.8915     46.8937
2016070302         2.083333    632.2599    260.1425    292.4770      5.6012     -9.0585     10.3221    -16.3359     33.1627    -20.7167    295.2959   -336.9206   -184.2161    -46.7440     49.1427
201607030210       2.090278    649.6215    267.3463    300.5145      5.8005     -7.7270     10.7200    -13.8555     28.2680    -21.4716    303.0058   -346.5844   -189.2822    -47.4762     51.0828
201607030220       2.097222    664.1013    273.3591    307.2137      5.9647     -6.3470     11.0529    -11.2861     23.1967    -22.0988    309.3813   -354.7008   -193.5021    -48.0843     52.6999
201607030230       2.104167    675.6060    278.1422    312.5314      6.0921     -4.9273     11.3176     -8.6438     17.9806    -22.5922    314.3800   -361.2191   -196.8484    -48.5653     53.9824
201607030240       2.111111    684.0615    281.6647    316.4329      6.1814     -3.4770     11.5119     -5.9456     12.6521    -22.9472    317.9683   -366.0987   -199.2993    -48.9165     54.9210
201607030250       2.118056    689.4128    283.9040    318.8931      6.2316     -2.0054     11.6339     -3.2086      7.2446    -23.1602    320.1212   -369.3094   -200.8389    -49.1362     55.5088
2016070303         2.125000    691.6249    284.8456    319.8958      6.2423     -0.5220     11.6825     -0.4504      1.7921    -23.2290    320.8231   -370.8320   -201.4571    -49.2232     55.7418
201607030310       2.131944    690.6830    284.4835    319.4344      6.2131      0.9636     11.6571      2.3115     -3.6713    -23.1525    320.0672   -370.6580   -201.1499    -49.1770     55.6181
201607030320       2.138889    686.5921    282.8202    317.5115      6.1444      2.4418     11.5580      5.0593     -9.1111    -22.9312    317.8563   -368.7900   -199.9191    -48.9979     55.1388
201607030330       2.145833    679.3778    279.8663    314.1394      6.0364      3.9030     11.3861      7.7755    -14.4933    -22.5665    314.2021   -365.2415   -197.7729    -48.6868     54.3072
201607030340       2.152778    669.0852    275.6410    309.3396      5.8902      5.3380     11.1427     10.4426    -19.7839    -22.0612    309.1258   -360.0366   -194.7250    -48.2453     53.1295
201607030350       2.159722    655.7794    270.1715    303.1427      5.7069      6.7375     10.8301     13.0439    -24.9498    -21.4195    302.6573   -353.2103   -190.7952    -47.6756     51.6142
2016070304         2.166667    639.5444    263.4932    295.5882      5.4880      8.0926     10.4510     15.5627    -29.9588    -20.6465    294.8355   -344.8078   -186.0087    -46.9808     49.7722
201607030410       2.173611    620.4828    255.6489    286.7246      5.2355      9.3947     10.0087     17.9831    -34.7797    -19.7488    285.7076   -334.8843   -180.3966    -46.1643     47.6167
201607030420       2.180556    598.7152    246.6890    276.6081      4.9515     10.6357      9.5073     20.2900    -39.3824    -18.7339    275.3291   -323.5048   -173.9949    -45.2304     45.1634
201607030430       2.187500    574.3787    236.6709    265.3033      4.6385     11.8076      8.9511     22.4690    -43.7386    -17.6104    263.7635   -310.7432   -166.8446    -44.1839     42.4298
201607030440       2.194444    547.6269    225.6585    252.8819      4.2991     12.9034      8.3452     24.5065    -47.8216    -16.3880    251.0815   -296.6820   -158.9916    -43.0301     39.4356
201607030450       2.201389    518.6278    213.7218    239.4225      3.9365     13.9164      7.6950     26.3902    -51.6067    -15.0773    237.3605   -281.4119   -150.4859    -41.7748     36.2021
2016070305         2.208333    487.5631    200.9365    225.0102      3.5539     14.8404      7.0064     28.1088    -55.0710    -13.6897    222.6846   -265.0307   -141.3815    -40.4244     32.7524
201607030510       2.215278    454.6272    187.3833    209.7355      3.1546     15.6701      6.2857     29.6519    -58.1940    -12.2373    207.1434   -247.6428   -131.7363    -38.9857     29.1110
201607030520       2.222222    420.0250    173.1474    193.6942      2.7422     16.4006      5.5394     31.0108    -60.9576    -10.7332    190.8316   -229.3586   -121.6108    -37.4658     25.3037
201607030530       2.229167    383.9712    158.3179    176.9862      2.3205     17.0281      4.7744     32.1777    -63.3462     -9.1906    173.8487   -210.2933   -111.0686    -35.8722     21.3575
201607030540       2.236111    346.6883    142.9870    159.7153      1.8933     17.5491      3.9977     33.1465    -65.3465     -7.6236    156.2975   -190.5666   -100.1755    -34.2128     17.3001
201607030550       2.243056    308.4055    127.2496    141.9881      1.4645     17.9612      3.2167     33.9122    -66.9482     -6.0463    138.2842   -170.3014    -88.9988    -32.4956     13.1599
2016070306         2.250000    269.3566    111.2024    123.9132      1.0381     18.2626      2.4387     34.4715    -68.1437     -4.4735    119.9172   -149.6230    -77.6076    -30.7288      8.9660
201607030610       2.256944    229.7785     94.9433    105.6007      0.6182     18.4522      1.6710     34.8222    -68.9280     -2.9197    101.3065   -128.6586    -66.0713    -28.9210      4.7474
201607030620       2.263889    189.9098     78.5707     87.1613      0.2087     18.5300      0.9211     34.9638    -69.2990     -1.3996     82.5630   -107.5358    -54.4599    -27.0804      0.5334
201607030630       2.270833    149.9891     62.1830     68.7056     -0.1865     18.4965      0.1964     34.8973    -69.2576      0.0720     63.7976    -86.3822    -42.8432    -25.2158     -3.6470
201607030640       2.277778    110.2528     45.8775     50.3431     -0.5635     18.3530     -0.4960     34.6249    -68.8074      1.4806     45.1204    -65.3242    -31.2902    -23.3355     -7.7652
201607030650       2.284722     70.9343     29.7500     32.1818     -0.9185     18.1016     -1.1490     34.1504    -67.9546      2.8122     26.6402    -44.4865    -19.8690    -21.4481    -11.7933
2016070307         2.291667     32.2620     13.8944     14.3272     -1.2479     17.7452     -1.7559     33.4788    -66.7085      4.0530      8.4637    -23.9907     -8.6458    -19.5618    -15.7039
201607030710       2.298611     -5.5425     -1.5984     -3.1184     -1.5481     17.2873     -2.3100     32.6165    -65.0807      5.1897     -9.3056     -3.9550      2.3149    -17.6848    -19.4708
201607030720       2.305556    -42.2654    -16.6411    -20.0564     -1.8160     16.7322     -2.8052     31.5713    -63.0855      6.2096    -26.5676     15.5068     12.9513    -15.8250    -23.0690
201607030730       2.312500    -77.7022    -31.1502    -36.3927     -2.0484     16.0847     -3.2357     30.3521    -60.7398      7.1010    -43.2264     34.2863     23.2045    -13.9900    -26.4747
201607030740       2.319444   -111.6596    -45.0466    -52.0384     -2.2425     15.3503     -3.5961     28.9689    -58.0627      7.8526    -59.1913     52.2806     33.0188    -12.1872    -29.6658
201607030750       2.326389   -143.9560    -58.2565    -66.9101     -2.3958     14.5350     -3.8815     27.4328    -55.0755      8.4543    -74.3768     69.3938     42.3421    -10.4236    -32.6218
2016070308         2.333333   -174.4232    -70.7116    -80.9308     -2.5058     13.6454     -4.0875     25.7560    -51.8015      8.8970    -88.7035     85.5367     51.1262     -8.7058    -35.3238
201607030810       2.340278   -202.9071    -82.3495    -94.0299     -2.5706     12.6884     -4.2103     23.9513    -48.2660      9.1723   -102.0988    100.6281     59.3274     -7.0399    -37.7550
201607030820       2.347222   -229.2691    -93.1142   -106.1441     -2.5886     11.6714     -4.2465     22.0327    -44.4957      9.2733   -114.4970    114.5949     66.9063     -5.4317    -39.9007
201607030830       2.354167   -253.3865   -102.9562   -117.2178     -2.5582     10.6023     -4.1935     20.0144    -40.5192      9.1942   -125.8397    127.3728     73.8283     -3.8863    -41.7482
201607030840       2.361111   -275.1535   -111.8331   -127.2027     -2.4786      9.4891     -4.0492     17.9117    -36.3661      8.9303   -136.0765    138.9064     80.0639     -2.4085    -43.2869
201607030850       2.368056   -294.4818   -119.7097   -136.0592     -2.3489      8.3401     -3.8122     15.7399    -32.0669      8.4783   -145.1652    149.1496     85.5883     -1.0024    -44.5086
2016070309         2.375000   -311.3010   -126.5580   -143.7554     -2.1688      7.1637     -3.4818     13.5149    -27.6534      7.8362   -153.0716    158.0659     90.3825      0.3284    -45.4073
201607030910       2.381944   -325.5589   -132.3579   -150.2683     -1.9384      5.9685     -3.0577     11.2529    -23.1576      7.0032   -159.7703    165.6286     94.4323      1.5808    -45.9794
201607030920       2.388889   -337.2217   -137.0962   -155.5831     -1.6580      4.7631     -2.5405      8.9701    -18.6121      5.9801   -165.2444    171.8207     97.7292      2.7524    -46.2237
201607030930       2.395833   -346.2744   -140.7680   -159.6939     -1.3283      3.5563     -1.9316      6.6828    -14.0496      4.7687   -169.4859    176.6353    100.2699      3.8413    -46.1410
201607030940       2.402778   -352.7203   -143.3754   -162.6031     -0.9503      2.3565     -1.2326      4.4070     -9.5026      3.3726   -172.4953    180.0752    102.0564      4.8461    -45.7348
201607030950       2.409722   -356.5811   -144.9282   -164.3213     -0.5255      1.1721     -0.4462      2.1587     -5.0034      1.7963   -174.2818    182.1527    103.0960      5.7662    -45.0106
2016070310         2.416667   -357.8967   -145.4436   -164.8679     -0.0555      0.0115      0.4246     -0.0465     -0.5837      0.0459   -174.8631    182.8900    103.4014      6.6014    -43.9763
201607031010       2.423611   -356.7243   -144.9456   -164.2700      0.4576     -1.1175      1.3759     -2.1935      3.7255     -1.8714   -174.2652    182.3182    102.9899      7.3522    -42.6416
201607031020       2.430556   -353.1383   -143.4656   -162.5625      1.0114     -2.2071      2.4035     -4.2675      7.8944     -3.9470   -172.5221    180.4778    101.8840      8.0193    -41.0188
201607031030       2.437500   -347.2295   -141.0410   -159.7878      1.6033     -3.2500      3.5024     -6.2547     11.8941     -6.1713   -169.6758    177.4176    100.1106      8.6044    -39.1216
201607031040       2.444444   -339.1043   -137.7160   -155.9956      2.2304     -4.2391      4.6672     -8.1418     15.6975     -8.5336   -165.7755    173.1947     97.7013      9.1094    -36.9660
201607031050       2.451389   -328.8837   -133.5405   -151.2421      2.8895     -5.1681      5.8920     -9.9163     19.2788    -11.0218   -160.8774    167.8738     94.6916      9.5368    -34.5694
2016070311         2.458333   -316.7026   -128.5698   -145.5898      3.5772     -6.0310      7.1705    -11.5668     22.6141    -13.6232   -155.0444    161.5270     91.1208      9.8895    -31.9510
201607031110       2.465278   -302.7082   -122.8644   -139.1068      4.2898     -6.8221      8.4958    -13.0827     25.6814    -16.3241   -148.3452    154.2327     87.0321     10.1708    -29.1315
201607031120       2.472222   -287.0596   -116.4893   -131.8667      5.0236     -7.5366      9.8608    -14.4545     28.4609    -19.1100   -140.8543    146.0756     82.4715     10.3843    -26.1326
201607031130       2.479167   -269.9258   -109.5138   -123.9474      5.7745     -8.1702     11.2580    -15.6739     30.9350    -21.9655   -132.6510    137.1454     77.4880     10.5343    -22.9776
201607031140       2.486111   -251.4849   -102.0103   -115.4309      6.5385     -8.7192     12.6796    -16.7337     33.0885    -24.8749   -123.8187    127.5367     72.1333     10.6249    -19.6905
201607031150       2.493056   -231.9226    -94.0546   -106.4028      7.3113     -9.1805     14.1178    -17.6279     34.9085    -27.8218   -114.4448    117.3478     66.4607     10.6609    -16.2962
2016070312         2.500000   -211.4305    -85.7247    -96.9512      8.0886     -9.5516     15.5643    -18.3518     36.3850    -30.7895   -104.6196    106.6801     60.5256     10.6471    -12.8201
201607031210       2.506944   -190.2052    -77.1005    -87.1665      8.8660     -9.8309     17.0109    -18.9019     37.5102    -33.7609    -94.4356     95.6378     54.3845     10.5885     -9.2883
201607031220       2.513889   -168.4465    -68.2632    -77.1404      9.6392    -10.0172     18.4492    -19.2761     38.2793    -36.7188    -83.9870     84.3262     48.0946     10.4904     -5.7270
201607031230       2.520833   -146.3558    -59.2945    -66.9654     10.4036    -10.1103     19.8710    -19.4736     38.6901    -39.6460    -73.3691     72.8517     41.7139     10.3579     -2.1626
201607031240       2.527778   -124.1350    -50.2762    -56.7340     11.1549    -10.1104     21.2679    -19.4947     38.7432    -42.5252    -62.6770     61.3209     35.3001     10.1963      1.3786
201607031250       2.534722   -101.9845    -41.2897    -46.5381     11.8889    -10.0186     22.6317    -19.3413     38.4416    -45.3395    -52.0058     49.8393     28.9105     10.0111      4.8706
2016070313         2.541667    -80.1021    -32.4149    -36.4684     12.6011     -9.8365     23.9545    -19.0164     37.7912    -48.0721    -41.4490     38.5113     22.6017      9.8074      8.2877
201607031310       2.548611    -58.6815    -23.7304    -26.6135     13.2876     -9.5664     25.2284    -18.5244     36.8007    -50.7068    -31.0985     27.4386     16.4289      9.5904     11.6050
201607031320       2.555556    -37.9107    -15.3123    -17.0596     13.9443     -9.2114     26.4457    -17.8706     35.4810    -53.2276    -21.0432     16.7203     10.4460      9.3653     14.7984
201607031330       2.562500    -17.9709     -7.2336     -7.8895     14.5674     -8.7749     27.5994    -17.0619     33.8457    -55.6194    -11.3693      6.4515      4.7044      9.1368     17.8445
201607031340       2.569444      0.9652      0.4355      0.8177     15.1533     -8.2612     28.6823    -16.1062     31.9106    -57.8678     -2.1588     -3.2771     -0.7464      8.9097     20.7212
201607031350       2.576389     18.7343      7.6293      8.9872     15.6984     -7.6750     29.6881    -15.0122     29.6940    -59.9592      6.5107    -12.3796     -5.8601      8.6883     23.4076
2016070314         2.583333     35.1838     14.2859     16.5494     16.1996     -7.0216     30.6106    -13.7899     27.2160    -61.8807     14.5667    -20.7761    -10.5931      8.4769     25.8843
201607031410       2.590278     50.1731     20.3486     23.4399     16.6539     -6.3067     31.4443    -12.4501     24.4989    -63.6207     21.9422    -28.3929    -14.9055      8.2793     28.1332
201607031420       2.597222     63.5745     25.7658     29.6002     17.0587     -5.5364     32.1840    -11.0046     21.5668    -65.1685     28.5761    -35.1631    -18.7607      8.0989     30.1380
201607031430       2.604167     75.2738     30.4912     34.9782     17.4116     -4.7175     32.8254     -9.4659     18.4451    -66.5148     34.4142    -41.0270    -22.1263      7.9388     31.8841
201607031440       2.611111     85.1717     34.4847     39.5284     17.7104     -3.8567     33.3643     -7.8470     15.1611    -67.6511     39.4089    -45.9328    -24.9740      7.8017     33.3589
201607031450       2.618056     93.1843     37.7124     43.2125     17.9534     -2.9614     33.7976     -6.1618     11.7429    -68.5706     43.5199    -49.8366    -27.2799      7.6900     34.5516
2016070315         2.625000     99.2435     40.1467     45.9991     18.1392     -2.0391     34.1225     -4.4243      8.2198    -69.2676     46.7145    -52.7031    -29.0245      7.6054     35.4535
201607031510       2.631944    103.2977     41.7667     47.8648     18.2666     -1.0974     34.3369     -2.6494      4.6219    -69.7377     48.9678    -54.5057    -30.1931      7.5493     36.0578
201607031520       2.638889    105.3123     42.5583     48.7935     18.3350     -0.1443     34.4395     -0.8517      0.9799    -69.9782     50.2628    -55.2265    -30.7758      7.5227     36.3601
201607031530       2.645833    105.2698     42.5143     48.7773     18.3438      0.8124     34.4296      0.9535     -2.6752    -69.9874     50.5908    -54.8568    -30.7673      7.5260     36.3580
201607031540       2.652778    103.1698     41.6344     47.8157     18.2930      1.7647     34.3071      2.7512     -6.3124    -69.7654     49.9510    -53.3971    -30.1676      7.5591     36.0513
201607031550       2.659722     99.0293     39.9253     45.9166     18.1830      2.7046     34.0727      4.5264     -9.9005    -69.3136     48.3509    -50.8567    -28.9813      7.6216     35.4419
2016070316         2.666667     92.8826     37.4008     43.0953     18.0144      3.6242     33.7276      6.2639    -13.4090    -68.6346     45.8060    -47.2542    -27.2180      7.7124     34.5341
201607031610       2.673611     84.7806     34.0813     39.3753     17.7881      4.5158     33.2740      7.9492    -16.8078    -67.7327     42.3401    -42.6170    -24.8921      7.8301     33.3342
201607031620       2.680556     74.7912     29.9940     34.7872     17.5057      5.3718     32.7143      9.5680    -20.0675    -66.6134     37.9846    -36.9815    -22.0227      7.9727     31.8505
201607031630       2.687500     62.9981     25.1726     29.3693     17.1687      6.1850     32.0519     11.1064    -23.1599    -65.2836     32.7784    -30.3923    -18.6336      8.1380     30.0935
201607031640       2.694444     49.5006     19.6572     23.1668     16.7791      6.9482     31.2908     12.5512    -26.0579    -63.7515     26.7680    -22.9024    -14.7529      8.3231     28.0757
201607031650       2.701389     34.4129     13.4938     16.2320     16.3393      7.6549     30.4353     13.8896    -28.7359    -62.0265     20.0066    -14.5725    -10.4129      8.5248     25.8116
2016070317         2.708333     17.8631      6.7340      8.6233     15.8519      8.2987     29.4906     15.1100    -31.1698    -60.1191     12.5543     -5.4709     -5.6501      8.7396     23.3172
201607031710       2.715278     -0.0075     -0.5651      0.4053     15.3198      8.8738     28.4622     16.2012    -33.3375    -58.0410      4.4771      4.3273     -0.5045      8.9636     20.6104
201607031720       2.722222    -19.0457     -8.3416     -8.3520     14.7461      9.3749     27.3563     17.1531    -35.2188    -55.8050     -4.1532     14.7405      4.9800      9.1926     17.7108
201607031730       2.729167    -39.0872    -16.5289    -17.5734     14.1344      9.7971     26.1793     17.9568    -36.7954    -53.4245    -13.2599     25.6814     10.7569      9.4220     14.6394
201607031740       2.736111    -59.9580    -25.0567    -27.1793     13.4881     10.1361     24.9383     18.6042    -38.0515    -50.9141    -22.7613     37.0573     16.7763      9.6471     11.4183
201607031750       2.743056    -81.4754    -33.8509    -37.0860     12.8111     10.3883     23.6405     19.0885    -38.9737    -48.2889    -32.5721     48.7712     22.9862      9.8629      8.0711
2016070318         2.750000   -103.4499    -42.8347    -47.2065     12.1075     10.5506     22.2937     19.4039    -39.5509    -45.5649    -42.6036     60.7220     29.3323     10.0644      4.6221
201607031810       2.756944   -125.6858    -51.9286    -57.4513     11.3813     10.6207     20.9057     19.5461    -39.7748    -42.7582    -52.7643     72.8056     35.7587     10.2462      1.0968
201607031820       2.763889   -147.9833    -61.0515    -67.7286     10.6369     10.5968     19.4846     19.5118    -39.6397    -39.8858    -62.9609     84.9156     42.2079     10.4030     -2.4789
201607031830       2.770833   -170.1397    -70.1208    -77.9453      9.8786     10.4778     18.0389     19.2993    -39.1423    -36.9647    -73.0985     96.9437     48.6219     10.5294     -6.0785
201607031840       2.777778   -191.9508    -79.0534    -88.0075      9.1108     10.2634     16.5769     18.9079    -38.2825    -34.0122    -83.0820    108.7813     54.9418     10.6201     -9.6753
201607031850       2.784722   -213.2126    -87.7661    -97.8215      8.3381      9.9540     15.1071     18.3385    -37.0626    -31.0456    -92.8162    120.3193     61.1091     10.6698    -13.2422
2016070319         2.791667   -233.7229    -96.1765   -107.2941      7.5648      9.5505     13.6379     17.5933    -35.4879    -28.0822   -102.2069    131.4497     67.0652     10.6732    -16.7525
201607031910       2.798611   -253.2825   -104.2030   -116.3336      6.7954      9.0549     12.1779     16.6756    -33.5660    -25.1392   -111.1612    142.0661     72.7526     10.6253    -20.1795
201607031920       2.805556   -271.6971   -111.7661   -124.8504      6.0343      8.4696     10.7353     15.5904    -31.3077    -22.2335   -119.5890    152.0644     78.1151     10.5212    -23.4971
201607031930       2.812500   -288.7784   -118.7887   -132.7574      5.2858      7.7977      9.3182     14.3435    -28.7259    -19.3814   -127.4026    161.3439     83.0980     10.3562    -26.6797
201607031940       2.819444   -304.3461   -125.1966   -139.9714      4.5542      7.0430      7.9346     12.9424    -25.8363    -16.5991   -134.5185    169.8076     87.6489     10.1260    -29.7025
201607031950       2.826389   -318.2286   -130.9193   -146.4129      3.8434      6.2100      6.5921     11.3957    -22.6569    -13.9018   -140.8570    177.3636     91.7177      9.8266    -32.5419
2016070320         2.833333   -330.2649   -135.8904   -152.0073      3.1574      5.3038      5.2981      9.7128    -19.2080    -11.3042   -146.3438    183.9253     95.2573      9.4542    -35.1754
201607032010       2.840278   -340.3055   -140.0482   -156.6853      2.5000      4.3301      4.0594      7.9047    -15.5120     -8.8202   -150.9099    189.4121     98.2239      9.0056    -37.5816
201607032020       2.847222   -348.2141   -143.3362   -160.3834      1.8745      3.2951      2.8827      5.9831    -11.5933     -6.4626   -154.4923    193.7504    100.5773      8.4779    -39.7409
201607032030       2.854167   -353.8682   -145.7034   -163.0444      1.2842      2.2055      1.7740      3.9606     -7.4782     -4.2436   -157.0349    196.8739    102.2814      7.8687    -41.6351
201607032040       2.861111   -357.1604   -147.1050   -164.6183      0.7322      1.0685      0.7388      1.8510     -3.1945     -2.1739   -158.4884    198.7244    103.3041      7.1761    -43.2482
201607032050       2.868056   -357.9992   -147.5027   -165.0620      0.2210     -0.1083     -0.2179     -0.3315      1.2284     -0.2634   -158.8112    199.2521    103.6181      6.3988    -44.5655
2016070321         2.875000   -356.3099   -146.8649   -164.3405     -0.2467     -1.3169     -1.0916     -2.5719      5.7601      1.4794   -157.9694    198.4161    103.2008      5.5359    -45.5750
201607032110       2.881944   -352.0355   -145.1672   -162.4264     -0.6691     -2.5490     -1.8784     -4.8546     10.3690      3.0471   -155.9373    196.1849    102.0346      4.5871    -46.2664
201607032120       2.888889   -345.1367   -142.3926   -159.3010     -1.0443     -3.7961     -2.5752     -7.1637     15.0228      4.4338   -152.6977    192.5363    100.1071      3.5527    -46.6317
201607032130       2.895833   -335.5930   -138.5315   -154.9538     -1.3709     -5.0493     -3.1795     -9.4827     19.6886      5.6346   -148.2420    187.4586     97.4113      2.4337    -46.6653
201607032140       2.902778   -323.4025   -133.5821   -149.3833     -1.6478     -6.3000     -3.6893    -11.7951     24.3333      6.6463   -142.5702    180.9496     93.9457      1.2315    -46.3641
201607032150       2.909722   -308.5825   -127.5506   -142.5966     -1.8745     -7.5390     -4.1035    -14.0842     28.9234      7.4669   -135.6913    173.0176     89.7143     -0.0519    -45.7270
2016070322         2.916667   -291.1692   -120.4506   -134.6095     -2.0504     -8.7574     -4.4215    -16.3334     33.4258      8.0957   -127.6231    163.6810     84.7264     -1.4137    -44.7557
201607032210       2.923611   -271.2180   -112.3039   -125.4469     -2.1757     -9.9465     -4.6435    -18.5262     37.8079      8.5335   -118.3922    152.9686     78.9973     -2.8508    -43.4542
201607032220       2.930556   -248.8027   -103.1400   -115.1422     -2.2507    -11.0973     -4.7704    -20.6464     42.0375      8.7824   -108.0336    140.9191     72.5474     -4.3591    -41.8289
201607032230       2.937500   -224.0159    -92.9958   -103.7374     -2.2762    -12.2013     -4.8036    -22.6779     46.0834      8.8459    -96.5911    127.5812     65.4028     -5.9345    -39.8886
201607032240       2.944444   -196.9676    -81.9159    -91.2827     -2.2534    -13.2502     -4.7455    -24.6055     49.9154      8.7287    -84.1164    113.0132     57.5946     -7.5718    -37.6445
201607032250       2.951389   -167.7855    -69.9518    -77.8366     -2.1836    -14.2360     -4.5988    -26.4145     53.5046      8.4369    -70.6693     97.2830     49.1593     -9.2657    -35.1101
2016070323         2.958333   -136.6134    -57.1621    -63.4650     -2.0687    -15.1510     -4.3669    -28.0906     56.8237      7.9775    -56.3172     80.4670     40.1380    -11.0102    -32.3009
201607032310       2.965278   -103.6110    -43.6116    -48.2413     -1.9108    -15.9881     -4.0540    -29.6208     59.8473      7.3591    -41.1343     62.6506     30.5766    -12.7989    -29.2348
201607032320       2.972222    -68.9523    -29.3717    -32.2456     -1.7122    -16.7405     -3.6647    -30.9928     62.5515      6.5909    -25.2017     43.9266     20.5255    -14.6248    -25.9314
201607032330       2.979167    -32.8249    -14.5190    -15.5645     -1.4758    -17.4021     -3.2040    -32.1953     64.9147      5.6835     -8.6066     24.3956     10.0388    -16.4808    -22.4124
201607032340       2.986111      4.5714      0.8646      1.7098     -1.2045    -17.9673     -2.6776    -33.2181     66.9177      4.6482      8.5585      4.1648     -0.8255    -18.3593    -18.7010
201607032350       2.993056     43.0259     16.6924     19.4799     -0.9014    -18.4311     -2.0916    -34.0523     68.5436      3.4972     26.1959    -16.6528    -12.0060    -20.2524    -14.8220
2016070400         3.000000     82.3184     32.8740     37.6440     -0.5700    -18.7895     -1.4523    -34.6903     69.7778      2.2434     44.2038    -37.9387    -23.4386    -22.1519    -10.8017
